2 0.417101 0.817383 0.030382 0.009766
2 0.599392 0.816895 0.035590 0.010742
2 0.733941 0.780273 0.049479 0.022461
2 0.768229 0.765381 0.015625 0.009277
2 0.796007 0.747070 0.029514 0.017578
2 0.897569 0.623047 0.015625 0.015625
2 0.898003 0.606445 0.014757 0.013672
2 0.799479 0.547119 0.020833 0.017090
2 0.769097 0.529053 0.015625 0.008301
2 0.804688 0.506836 0.020833 0.011719
2 0.246528 0.453125 0.022569 0.007812
2 0.693576 0.450195 0.013889 0.008789
2 0.568576 0.559082 0.465278 0.246094
2 0.618924 0.433594 0.017361 0.008789
2 0.581163 0.434326 0.775174 0.230957
