2 0.338976 0.833008 0.032118 0.010742
2 0.161024 0.790283 0.033854 0.017090
2 0.052951 0.717529 0.022569 0.018066
2 0.019531 0.672363 0.019965 0.020508
2 0.266493 0.652344 0.017361 0.010742
2 0.618924 0.641602 0.027778 0.010742
2 0.600694 0.635254 0.015625 0.007812
2 0.607205 0.612305 0.018229 0.008789
2 0.188802 0.590820 0.016493 0.012695
2 0.600260 0.566162 0.018229 0.010254
2 0.014757 0.523926 0.013889 0.011719
2 0.784288 0.514648 0.018229 0.009766
2 0.025174 0.509277 0.017361 0.012695
2 0.626736 0.498535 0.015625 0.011719
2 0.605035 0.489990 0.034722 0.024902
2 0.583333 0.462646 0.020833 0.021973
2 0.190538 0.433594 0.018229 0.010742
2 0.545139 0.433838 0.039931 0.014160
2 0.351997 0.543213 0.528646 0.251465
2 0.510851 0.420166 0.021701 0.015137
2 0.250868 0.417969 0.026042 0.010742
2 0.275174 0.413086 0.019097 0.010742
2 0.464844 0.406250 0.019965 0.006836
2 0.349392 0.403320 0.023438 0.008789
2 0.317708 0.407227 0.032986 0.016602
2 0.529080 0.398438 0.016493 0.010742
2 0.442274 0.398438 0.747396 0.237305
