2 0.515625 0.631592 0.032986 0.007324
2 0.448351 0.627441 0.033854 0.009766
2 0.651042 0.612061 0.019097 0.010254
2 0.381510 0.614990 0.092882 0.024902
2 0.690104 0.585449 0.031250 0.028320
2 0.616319 0.576904 0.116319 0.014160
2 0.328125 0.494385 0.022569 0.009277
2 0.641059 0.492920 0.016493 0.010254
2 0.313368 0.474609 0.027778 0.022461
2 0.343316 0.470703 0.030382 0.018555
2 0.323351 0.489258 0.370660 0.234375
2 0.493056 0.446289 0.324653 0.176758
2 0.289931 0.353516 0.039931 0.038086
2 0.417101 0.285645 0.030382 0.011719
2 0.694444 0.290527 0.104167 0.037109
2 0.623698 0.270752 0.030382 0.009277
2 0.477865 0.273193 0.084201 0.017090
2 0.588976 0.268555 0.035590 0.008789
