2 0.513455 0.557373 0.014757 0.013184
2 0.752604 0.515625 0.032986 0.010742
2 0.784722 0.495605 0.017361 0.011719
2 0.709635 0.481689 0.018229 0.007324
2 0.780382 0.457275 0.020833 0.014160
2 0.766493 0.447266 0.024306 0.014648
2 0.573351 0.553955 0.756076 0.239746
2 0.343750 0.432617 0.015625 0.008789
2 0.876302 0.422852 0.014757 0.017578
2 0.793403 0.414795 0.019097 0.011230
2 0.874132 0.393066 0.017361 0.031250
2 0.871528 0.365234 0.017361 0.022461
2 0.569444 0.448975 0.449653 0.224121
2 0.778646 0.266357 0.031250 0.018066
2 0.719184 0.237549 0.094618 0.042480
2 0.419705 0.200928 0.039062 0.011230
2 0.595920 0.200928 0.049479 0.013184
2 0.475260 0.193604 0.030382 0.007324
