2 0.543403 0.574463 0.015625 0.010254
2 0.657118 0.559082 0.024306 0.009766
2 0.795573 0.492676 0.019965 0.009766
2 0.724826 0.482910 0.036458 0.011719
2 0.575955 0.564941 0.757812 0.222656
2 0.802083 0.412598 0.022569 0.013672
2 0.883247 0.396729 0.016493 0.012207
2 0.883681 0.381592 0.015625 0.015137
2 0.574653 0.451172 0.463542 0.233398
2 0.785156 0.261230 0.026910 0.015625
2 0.759115 0.244141 0.016493 0.009766
2 0.725260 0.229736 0.046007 0.020996
2 0.689670 0.216064 0.023438 0.010254
2 0.421875 0.193848 0.029514 0.009766
2 0.593750 0.193359 0.034722 0.010742
