2 0.586806 0.835205 0.020833 0.008301
2 0.453559 0.828125 0.026910 0.008789
2 0.672743 0.824219 0.147569 0.024414
2 0.769965 0.808105 0.029514 0.011719
2 0.330729 0.798828 0.019097 0.008789
2 0.809028 0.792725 0.048611 0.021973
2 0.298611 0.785156 0.015625 0.008789
2 0.905816 0.735596 0.061632 0.047363
2 0.939236 0.705811 0.017361 0.014160
2 0.953993 0.683838 0.024306 0.020996
2 0.715712 0.654541 0.016493 0.008301
2 0.981337 0.559814 0.021701 0.022949
2 0.384115 0.521240 0.037326 0.013184
2 0.354167 0.503906 0.019097 0.009766
2 0.395399 0.487793 0.066840 0.028320
2 0.830729 0.469727 0.020833 0.008789
2 0.425781 0.463867 0.037326 0.024414
2 0.753472 0.450684 0.017361 0.007812
2 0.621528 0.542480 0.539931 0.246094
2 0.546441 0.412354 0.021701 0.015137
2 0.562066 0.411621 0.839410 0.270508
