2 0.361979 0.554932 0.024306 0.010254
2 0.239583 0.494141 0.015625 0.010742
2 0.299479 0.484375 0.024306 0.008789
2 0.309028 0.470215 0.017361 0.009766
2 0.431858 0.557373 0.684896 0.200684
2 0.155816 0.425537 0.011285 0.012207
2 0.233507 0.422607 0.020833 0.011230
2 0.158420 0.401123 0.014757 0.027832
2 0.434896 0.454834 0.413194 0.203613
2 0.248698 0.285156 0.021701 0.013672
2 0.269531 0.271729 0.016493 0.010254
2 0.307292 0.256104 0.057292 0.023926
2 0.570747 0.226562 0.030382 0.009766
2 0.416667 0.226562 0.032986 0.010742
