2 0.299045 0.594727 0.019965 0.008789
2 0.588542 0.562012 0.015625 0.009766
2 0.602431 0.554688 0.015625 0.008789
2 0.689670 0.525391 0.030382 0.017578
2 0.704427 0.435303 0.026910 0.011230
2 0.682292 0.422852 0.015625 0.008789
2 0.767361 0.403564 0.015625 0.008301
2 0.611545 0.526855 0.738715 0.304688
2 0.728299 0.353760 0.017361 0.016113
2 0.523003 0.438477 0.467882 0.235352
2 0.477431 0.317139 0.015625 0.008301
2 0.798611 0.322510 0.045139 0.046387
2 0.776476 0.293945 0.016493 0.010742
2 0.220052 0.224609 0.032118 0.014648
2 0.612847 0.211914 0.034722 0.012695
2 0.266059 0.207031 0.026910 0.010742
2 0.535156 0.196533 0.103299 0.020020
2 0.384983 0.188477 0.040799 0.008789
