2 0.382378 0.575684 0.018229 0.009766
2 0.573351 0.554199 0.032118 0.011719
2 0.434896 0.556152 0.017361 0.015625
2 0.510417 0.554199 0.026042 0.013672
2 0.411458 0.556641 0.031250 0.018555
2 0.543837 0.553223 0.023438 0.022461
2 0.338976 0.528809 0.023438 0.017578
2 0.298177 0.512451 0.026910 0.012207
2 0.650174 0.504883 0.017361 0.012695
2 0.279948 0.498779 0.016493 0.011230
2 0.263889 0.481689 0.019097 0.016113
2 0.769531 0.479248 0.032118 0.012207
2 0.715278 0.475586 0.015625 0.008789
2 0.240885 0.458252 0.014757 0.013184
2 0.740885 0.444336 0.018229 0.008789
2 0.232639 0.440186 0.019097 0.020996
2 0.374132 0.517334 0.748264 0.335449
2 0.258247 0.333252 0.019965 0.007324
2 0.557292 0.305664 0.015625 0.008789
2 0.490451 0.421631 0.486111 0.241699
2 0.217882 0.291016 0.046875 0.041016
2 0.244358 0.265625 0.014757 0.009766
2 0.849392 0.223633 0.030382 0.015625
2 0.802083 0.202393 0.026042 0.011230
2 0.425347 0.189209 0.027778 0.010254
2 0.750434 0.186768 0.019965 0.008301
2 0.726997 0.181152 0.025174 0.009766
2 0.471788 0.178955 0.023438 0.009277
2 0.682292 0.175537 0.050347 0.010254
2 0.518663 0.173340 0.061632 0.011719
2 0.564236 0.170654 0.026042 0.007324
