2 0.515191 0.858643 0.023438 0.008301
2 0.457465 0.854980 0.060764 0.011719
2 0.602865 0.853516 0.037326 0.009766
2 0.655816 0.844482 0.063368 0.017090
2 0.319444 0.827393 0.088542 0.029785
2 0.262587 0.808350 0.023438 0.013184
2 0.229601 0.791504 0.037326 0.018555
2 0.430122 0.702148 0.019965 0.010742
2 0.437500 0.689941 0.019097 0.009766
2 0.096788 0.678223 0.018229 0.013672
2 0.090712 0.661377 0.018229 0.018066
2 0.086806 0.643555 0.019097 0.014648
2 0.080295 0.624756 0.014757 0.020996
2 0.178819 0.619873 0.022569 0.016113
2 0.079861 0.599121 0.012153 0.010742
2 0.696615 0.567627 0.018229 0.009277
2 0.163628 0.559570 0.019965 0.008789
2 0.263889 0.553223 0.019097 0.009766
2 0.253038 0.535156 0.026910 0.010742
2 0.168403 0.528076 0.022569 0.015137
2 0.295573 0.448242 0.056424 0.028320
2 0.434028 0.558594 0.529514 0.268555
2 0.420573 0.425781 0.019965 0.008789
2 0.453125 0.425781 0.022569 0.010742
2 0.419271 0.446045 0.838542 0.291504
