2 0.509549 0.795166 0.039931 0.009277
2 0.423611 0.794434 0.017361 0.007812
2 0.348090 0.781494 0.032986 0.011230
2 0.641927 0.770264 0.092882 0.030762
2 0.706163 0.747803 0.028646 0.014160
2 0.824219 0.656250 0.014757 0.011719
2 0.832465 0.634277 0.020833 0.030273
2 0.840712 0.605957 0.014757 0.023438
2 0.777778 0.581543 0.019097 0.009766
2 0.308594 0.546387 0.014757 0.009766
2 0.278646 0.542969 0.020833 0.006836
2 0.551215 0.552734 0.468750 0.217773
2 0.222222 0.441162 0.012153 0.011230
2 0.584201 0.455566 0.723958 0.240234
