2 0.493924 0.844482 0.019097 0.006348
2 0.450521 0.843506 0.022569 0.006348
2 0.530816 0.843262 0.032118 0.007812
2 0.559896 0.840576 0.019097 0.008301
2 0.588108 0.835938 0.035590 0.010742
2 0.398003 0.835693 0.044271 0.013184
2 0.267795 0.801270 0.078993 0.033203
2 0.216580 0.780273 0.021701 0.012695
2 0.187934 0.760986 0.014757 0.009277
2 0.395833 0.688477 0.017361 0.008789
2 0.406250 0.676758 0.019097 0.008789
2 0.083333 0.646240 0.015625 0.013184
2 0.080295 0.621826 0.016493 0.031738
2 0.171007 0.596436 0.024306 0.016113
2 0.077257 0.590332 0.012153 0.015625
2 0.166233 0.537109 0.018229 0.007812
2 0.264757 0.537598 0.017361 0.009766
2 0.193142 0.521240 0.016493 0.008301
2 0.253038 0.519531 0.032118 0.010742
2 0.425347 0.556152 0.515625 0.250000
2 0.377170 0.430176 0.016493 0.007812
2 0.436632 0.424805 0.017361 0.008789
2 0.454861 0.419189 0.015625 0.008301
2 0.417969 0.430176 0.835938 0.246094
