2 0.598958 0.548828 0.027778 0.014648
2 0.682292 0.512695 0.024306 0.017578
2 0.301649 0.462402 0.016493 0.009766
2 0.679253 0.428711 0.023438 0.010742
2 0.658420 0.417969 0.016493 0.009766
2 0.611111 0.516846 0.671875 0.307129
2 0.686632 0.350342 0.017361 0.013184
2 0.765625 0.334229 0.015625 0.011230
2 0.510417 0.436523 0.421875 0.223633
2 0.747830 0.316162 0.016493 0.010254
2 0.735243 0.303223 0.019097 0.011719
2 0.720920 0.291504 0.014757 0.009766
2 0.187934 0.258545 0.028646 0.015137
2 0.228299 0.239746 0.022569 0.010742
2 0.259983 0.229492 0.023438 0.009766
2 0.555122 0.224854 0.032118 0.011230
2 0.517795 0.216797 0.019965 0.007812
2 0.338976 0.214600 0.039062 0.009277
2 0.478299 0.212891 0.052083 0.010742
