2 0.507378 0.789307 0.023438 0.006348
2 0.476562 0.788574 0.029514 0.007812
2 0.585938 0.782227 0.034722 0.010742
2 0.428385 0.782959 0.054688 0.012207
2 0.707465 0.747070 0.081597 0.036133
2 0.763021 0.720215 0.027778 0.015625
2 0.671875 0.634277 0.022569 0.007812
2 0.850694 0.625488 0.013889 0.015625
2 0.746094 0.619629 0.019965 0.007812
2 0.756076 0.606689 0.013889 0.009277
2 0.853299 0.604004 0.013889 0.024414
2 0.775174 0.580566 0.024306 0.011719
2 0.855469 0.574951 0.013021 0.021973
2 0.585503 0.448730 0.035590 0.011719
2 0.566840 0.547607 0.423611 0.210449
2 0.456163 0.442871 0.016493 0.011719
2 0.568576 0.447998 0.711806 0.223145
