2 0.458333 0.577148 0.019097 0.008789
2 0.381944 0.566895 0.019097 0.009766
2 0.265191 0.482178 0.028646 0.011230
2 0.277778 0.465820 0.019097 0.008789
2 0.421007 0.566895 0.795139 0.232422
2 0.190104 0.409912 0.024306 0.015137
2 0.657118 0.408691 0.013889 0.013672
2 0.101562 0.393799 0.013889 0.014160
2 0.101997 0.376953 0.014757 0.015625
2 0.105035 0.363525 0.015625 0.010254
2 0.421875 0.447510 0.473958 0.235840
2 0.409722 0.333008 0.019097 0.008789
2 0.203559 0.252441 0.030382 0.017578
2 0.231337 0.235107 0.018229 0.011230
2 0.266927 0.219238 0.051215 0.023438
2 0.304253 0.205322 0.023438 0.010254
2 0.584201 0.182861 0.034722 0.010254
2 0.399740 0.182617 0.049479 0.012695
2 0.527344 0.175537 0.032118 0.007324
