2 0.350260 0.812744 0.264757 0.047363
2 0.623698 0.804443 0.158854 0.047363
2 0.730903 0.770020 0.024306 0.011719
2 0.755642 0.757812 0.025174 0.015625
2 0.135417 0.747803 0.022569 0.015137
2 0.779080 0.745117 0.025174 0.012695
2 0.796441 0.731934 0.018229 0.010742
2 0.828993 0.700195 0.026042 0.023438
2 0.067274 0.687256 0.018229 0.014160
2 0.617188 0.676270 0.083333 0.021484
2 0.767795 0.640381 0.023438 0.023926
2 0.041667 0.557861 0.012153 0.013184
2 0.048177 0.545654 0.013021 0.010254
2 0.781250 0.543945 0.074653 0.083008
2 0.342014 0.464111 0.015625 0.009277
2 0.380208 0.457031 0.022569 0.008789
2 0.539931 0.552734 0.491319 0.256836
2 0.631076 0.429199 0.017361 0.011719
2 0.584635 0.413330 0.018229 0.009277
2 0.576389 0.377930 0.019097 0.008789
2 0.218750 0.394287 0.053819 0.053223
2 0.616753 0.500488 0.766493 0.375977
