2 0.531250 0.822510 0.024306 0.007324
2 0.581163 0.815918 0.037326 0.010742
2 0.403646 0.815674 0.041667 0.012207
2 0.304688 0.792725 0.024306 0.010254
2 0.268229 0.778320 0.052083 0.023438
2 0.233507 0.763672 0.017361 0.009766
2 0.207031 0.746582 0.028646 0.016602
2 0.401910 0.676270 0.013889 0.009766
2 0.409722 0.666992 0.015625 0.008789
2 0.107639 0.636475 0.015625 0.010254
2 0.105035 0.622070 0.013889 0.014648
2 0.104167 0.604736 0.015625 0.013184
2 0.195747 0.587402 0.016493 0.007812
2 0.102865 0.580566 0.013021 0.015625
2 0.185330 0.534180 0.014757 0.008789
2 0.271267 0.517578 0.033854 0.008789
2 0.203993 0.503418 0.031250 0.017578
2 0.425347 0.552979 0.473958 0.234863
2 0.457465 0.423828 0.017361 0.006836
2 0.420139 0.433838 0.786458 0.230957
