2 0.411458 0.559570 0.015625 0.008789
2 0.351128 0.535645 0.019965 0.009766
2 0.236979 0.442627 0.013889 0.009277
2 0.302951 0.433838 0.027778 0.011230
2 0.320747 0.422363 0.019965 0.009766
2 0.389757 0.525146 0.732639 0.306152
2 0.280816 0.351807 0.021701 0.017090
2 0.193142 0.340576 0.018229 0.019043
2 0.529514 0.328613 0.019097 0.009766
2 0.480469 0.438477 0.460938 0.235352
2 0.529948 0.317871 0.016493 0.007812
2 0.209201 0.318848 0.020833 0.016602
2 0.222222 0.303711 0.019097 0.011719
2 0.233507 0.291504 0.015625 0.010742
2 0.789062 0.228760 0.032986 0.015137
2 0.392795 0.213623 0.025174 0.009277
2 0.748264 0.212402 0.020833 0.009766
2 0.434028 0.202393 0.020833 0.008301
2 0.489583 0.195068 0.081597 0.015137
2 0.626302 0.191162 0.046007 0.009277
