2 0.562934 0.567383 0.016493 0.008789
2 0.580295 0.561523 0.014757 0.008789
2 0.776476 0.468262 0.028646 0.021484
2 0.712674 0.459717 0.024306 0.010254
2 0.696181 0.446289 0.015625 0.009766
2 0.326389 0.430908 0.017361 0.013184
2 0.592014 0.542725 0.741319 0.257324
2 0.759115 0.385498 0.021701 0.013184
2 0.834201 0.353760 0.024306 0.029785
2 0.552951 0.447266 0.444444 0.225586
2 0.825087 0.332275 0.014757 0.009277
2 0.536458 0.324219 0.015625 0.010742
2 0.668837 0.227051 0.019965 0.010742
2 0.631076 0.215820 0.048611 0.017578
2 0.330729 0.209961 0.045139 0.015625
2 0.592014 0.206543 0.026042 0.009766
2 0.374566 0.200195 0.030382 0.008789
2 0.493056 0.194336 0.039931 0.008789
