1 0.604167 0.681641 0.019097 0.006836
1 0.792101 0.621826 0.052951 0.017090
1 0.791667 0.559570 0.032986 0.014648
1 0.034722 0.384766 0.019097 0.006836
1 0.427083 0.382812 0.026042 0.010742
1 0.547743 0.527344 0.506944 0.315430
1 0.368056 0.374512 0.019097 0.011719
1 0.121528 0.371094 0.012153 0.010742
1 0.117622 0.361328 0.018229 0.006836
1 0.405816 0.355469 0.013021 0.010742
1 0.426649 0.337891 0.025174 0.006836
1 0.270833 0.322266 0.019097 0.006836
1 0.065972 0.308594 0.012153 0.010742
1 0.076389 0.296875 0.019097 0.008789
1 0.104167 0.287109 0.019097 0.006836
1 0.111111 0.275391 0.019097 0.006836
1 0.318576 0.215820 0.017361 0.008789
