2 0.542535 0.577637 0.017361 0.007812
2 0.560764 0.573242 0.015625 0.008789
2 0.618490 0.566895 0.018229 0.007812
2 0.662326 0.563721 0.024306 0.015137
2 0.733507 0.481934 0.029514 0.011719
2 0.722222 0.465576 0.013889 0.009277
2 0.580295 0.567383 0.794271 0.233398
2 0.334201 0.427246 0.017361 0.007812
2 0.901910 0.413086 0.012153 0.010742
2 0.809896 0.409424 0.027778 0.014160
2 0.898438 0.394043 0.017361 0.015625
2 0.898438 0.377441 0.017361 0.016602
2 0.895833 0.361816 0.015625 0.011719
2 0.575087 0.447754 0.480035 0.237305
2 0.590278 0.332031 0.015625 0.010742
2 0.598958 0.322266 0.015625 0.008789
2 0.796007 0.251709 0.031250 0.018066
2 0.769965 0.234619 0.019097 0.011230
2 0.721788 0.215332 0.073785 0.031250
2 0.598524 0.181641 0.049479 0.012695
2 0.424479 0.180176 0.052083 0.012695
2 0.470052 0.174805 0.026910 0.007812
