2 0.548611 0.809082 0.256944 0.025391
2 0.312500 0.785889 0.032986 0.014160
2 0.261285 0.765869 0.020833 0.010254
2 0.227865 0.748291 0.032118 0.016113
2 0.774306 0.759277 0.090278 0.048828
2 0.200521 0.731445 0.027778 0.020508
2 0.828993 0.725586 0.031250 0.020508
2 0.625868 0.666992 0.013889 0.009766
2 0.897569 0.652588 0.015625 0.013184
2 0.340278 0.621094 0.017361 0.006836
2 0.364149 0.612305 0.018229 0.012695
2 0.331163 0.604492 0.018229 0.008789
2 0.351562 0.578613 0.013889 0.009766
2 0.378472 0.540283 0.019097 0.016113
2 0.370660 0.528320 0.013889 0.008789
2 0.799913 0.493408 0.016493 0.009277
2 0.392361 0.478027 0.026042 0.015625
2 0.755208 0.468262 0.022569 0.007812
2 0.421007 0.472900 0.034722 0.020996
2 0.444444 0.458984 0.015625 0.009766
2 0.184462 0.462158 0.021701 0.042480
2 0.676215 0.440918 0.024306 0.009766
2 0.640625 0.435303 0.015625 0.011230
2 0.513889 0.435547 0.039931 0.018555
2 0.594618 0.544922 0.479167 0.241211
2 0.338108 0.434814 0.224826 0.073730
2 0.680990 0.380615 0.019965 0.014160
2 0.748698 0.367676 0.018229 0.007812
2 0.575955 0.473877 0.769965 0.317871
