2 0.365017 0.824463 0.018229 0.007324
2 0.394097 0.824951 0.038194 0.010254
2 0.333333 0.822021 0.034722 0.009277
2 0.289497 0.814453 0.026910 0.009766
2 0.257812 0.807129 0.019097 0.008789
2 0.218316 0.792480 0.040799 0.018555
2 0.115017 0.735352 0.056424 0.040039
2 0.082031 0.708984 0.016493 0.011719
2 0.063368 0.684082 0.019097 0.014648
2 0.299479 0.655029 0.015625 0.009277
2 0.312934 0.645996 0.016493 0.009766
2 0.598090 0.617676 0.017361 0.011719
2 0.034288 0.562012 0.018229 0.013672
2 0.039931 0.545898 0.015625 0.016602
2 0.142361 0.530029 0.026042 0.012207
2 0.047743 0.529541 0.017361 0.013184
2 0.061198 0.506836 0.025174 0.026367
2 0.263021 0.492676 0.017361 0.009766
2 0.260851 0.475098 0.026910 0.011719
2 0.222222 0.443115 0.019097 0.009277
2 0.395833 0.539795 0.491319 0.237793
2 0.503906 0.418457 0.016493 0.009766
2 0.424913 0.414062 0.021701 0.006836
2 0.448785 0.399902 0.788194 0.228516
