2 0.591146 0.582764 0.017361 0.010254
2 0.662760 0.562500 0.025174 0.008789
2 0.248264 0.546875 0.022569 0.008789
2 0.748264 0.529297 0.019097 0.007812
2 0.802517 0.497559 0.016493 0.007812
2 0.306858 0.432861 0.028646 0.008301
2 0.813368 0.406006 0.027778 0.021973
2 0.776910 0.381348 0.013889 0.009766
2 0.577691 0.527344 0.802951 0.314453
2 0.708333 0.370850 0.036458 0.014160
2 0.666667 0.361816 0.015625 0.010742
2 0.893663 0.357178 0.018229 0.022949
2 0.680556 0.347900 0.019097 0.013184
2 0.573785 0.446777 0.513889 0.236328
2 0.795139 0.253174 0.031250 0.019043
2 0.265625 0.218750 0.022569 0.011719
2 0.725260 0.220459 0.111979 0.047363
2 0.380642 0.187500 0.018229 0.007812
2 0.576389 0.181641 0.105903 0.017578
2 0.453559 0.180908 0.125868 0.017090
