2 0.483073 0.856201 0.026910 0.006348
2 0.438368 0.854004 0.029514 0.007812
2 0.578125 0.849854 0.048611 0.012207
2 0.382378 0.845459 0.040799 0.011230
2 0.717448 0.816162 0.080729 0.031738
2 0.770399 0.797363 0.021701 0.011719
2 0.801649 0.779297 0.033854 0.018555
2 0.592882 0.697266 0.013889 0.010742
2 0.584201 0.686035 0.017361 0.009766
2 0.919705 0.661133 0.016493 0.010742
2 0.924913 0.635986 0.019965 0.034668
2 0.832465 0.607910 0.024306 0.015625
2 0.929688 0.605225 0.012153 0.012207
2 0.312500 0.574219 0.015625 0.010742
2 0.841146 0.546387 0.017361 0.007812
2 0.740451 0.543701 0.017361 0.009277
2 0.753906 0.525879 0.032118 0.011719
2 0.831597 0.514404 0.022569 0.015137
2 0.332465 0.463867 0.013889 0.008789
2 0.574653 0.559326 0.522569 0.259277
2 0.637153 0.430908 0.019097 0.009277
2 0.572483 0.423340 0.018229 0.007812
2 0.552083 0.417480 0.017361 0.009766
2 0.578993 0.433105 0.842014 0.263672
