2 0.177951 0.546143 0.027778 0.016113
2 0.572049 0.546143 0.020833 0.020996
2 0.247396 0.521484 0.020833 0.010742
2 0.055990 0.512207 0.014757 0.010742
2 0.652344 0.501709 0.021701 0.010254
2 0.440538 0.609375 0.851562 0.231445
2 0.640625 0.481934 0.022569 0.015625
2 0.124566 0.459961 0.032118 0.013672
2 0.025174 0.470215 0.027778 0.039062
2 0.013455 0.442383 0.016493 0.017578
2 0.008247 0.418945 0.016493 0.026367
2 0.152344 0.405518 0.018229 0.008301
2 0.633247 0.395508 0.016493 0.008789
2 0.186198 0.379883 0.014757 0.008789
2 0.310764 0.340820 0.015625 0.008789
2 0.390625 0.463379 0.526042 0.267578
2 0.049913 0.293701 0.026910 0.023926
2 0.068142 0.270508 0.018229 0.014648
2 0.105903 0.241943 0.067708 0.045410
2 0.217882 0.183350 0.039931 0.018066
2 0.309462 0.158936 0.018229 0.007324
2 0.342014 0.154541 0.039931 0.010254
2 0.405816 0.152588 0.040799 0.011230
