2 0.467882 0.833984 0.024306 0.007812
2 0.414062 0.826904 0.034722 0.010254
2 0.600694 0.826660 0.041667 0.011719
2 0.727865 0.792725 0.077257 0.031738
2 0.777778 0.771484 0.024306 0.014648
2 0.802951 0.755615 0.031250 0.019043
2 0.601562 0.682617 0.013889 0.008789
2 0.905382 0.640381 0.015625 0.010254
2 0.908420 0.625732 0.016493 0.017090
2 0.907986 0.608643 0.017361 0.015137
2 0.817708 0.593018 0.022569 0.013184
2 0.823785 0.536133 0.017361 0.008789
2 0.727431 0.536133 0.015625 0.008789
2 0.576389 0.555176 0.491319 0.244141
2 0.621528 0.432373 0.019097 0.008301
2 0.561632 0.426270 0.017361 0.009766
2 0.543403 0.420898 0.015625 0.008789
2 0.580729 0.436768 0.815972 0.249512
