2 0.411024 0.582275 0.019965 0.008301
2 0.472222 0.579102 0.019097 0.008789
2 0.273003 0.539307 0.014757 0.009277
2 0.176215 0.523926 0.013889 0.009766
2 0.261719 0.512695 0.028646 0.010742
2 0.438802 0.598633 0.794271 0.208984
2 0.065972 0.467041 0.013889 0.012207
2 0.154514 0.451904 0.027778 0.012207
2 0.059028 0.447754 0.015625 0.013672
2 0.054688 0.432129 0.013889 0.013672
2 0.051215 0.416504 0.015625 0.009766
2 0.340278 0.346680 0.015625 0.008789
2 0.402778 0.456787 0.491319 0.236816
2 0.327257 0.337158 0.015625 0.009277
2 0.099826 0.296875 0.020833 0.013672
2 0.121962 0.272461 0.016493 0.011719
2 0.145399 0.256348 0.030382 0.019531
2 0.267795 0.197998 0.035590 0.015137
2 0.352865 0.178223 0.019965 0.007812
2 0.392795 0.174072 0.026910 0.007324
2 0.441840 0.174561 0.053819 0.009277
