2 0.469618 0.813232 0.022569 0.007324
2 0.427951 0.807617 0.048611 0.012695
2 0.595052 0.806396 0.039062 0.011230
2 0.723524 0.770020 0.091146 0.039062
2 0.786458 0.738770 0.027778 0.016602
2 0.881510 0.631836 0.014757 0.009766
2 0.884549 0.618164 0.015625 0.016602
2 0.884983 0.601807 0.014757 0.012207
2 0.800347 0.587158 0.022569 0.013184
2 0.878906 0.553467 0.013021 0.010254
2 0.724826 0.517578 0.027778 0.010742
2 0.573785 0.550781 0.458333 0.229492
2 0.611979 0.435547 0.017361 0.008789
2 0.540799 0.425293 0.017361 0.009766
2 0.577691 0.435547 0.764757 0.223633
