2 0.277344 0.543213 0.019965 0.011230
2 0.263021 0.505615 0.017361 0.008301
2 0.448785 0.582764 0.687500 0.181152
2 0.299479 0.495605 0.017361 0.009766
2 0.230035 0.494141 0.017361 0.010742
2 0.132812 0.473145 0.017361 0.016602
2 0.125000 0.453613 0.015625 0.012695
2 0.119358 0.434326 0.016493 0.025879
2 0.293403 0.388672 0.015625 0.008789
2 0.421007 0.466553 0.406250 0.207520
2 0.165365 0.321777 0.023438 0.016602
2 0.207899 0.288574 0.068576 0.042969
2 0.308594 0.241699 0.033854 0.014648
2 0.411458 0.222412 0.029514 0.008301
2 0.458333 0.222412 0.052083 0.009277
