2 0.544705 0.581299 0.019965 0.009277
2 0.564236 0.575684 0.015625 0.007812
2 0.625000 0.570801 0.019097 0.009766
2 0.672309 0.566162 0.030382 0.014160
2 0.803819 0.503662 0.015625 0.009277
2 0.746094 0.480957 0.035590 0.009766
2 0.582899 0.565430 0.834201 0.254883
2 0.326389 0.424805 0.015625 0.008789
2 0.921875 0.412354 0.012153 0.018066
2 0.828993 0.403809 0.024306 0.015625
2 0.920139 0.387207 0.015625 0.013672
2 0.919705 0.370361 0.016493 0.016113
2 0.916667 0.353516 0.015625 0.014648
2 0.578993 0.443848 0.506944 0.250000
2 0.594618 0.322510 0.017361 0.008301
2 0.812066 0.237793 0.030382 0.017578
2 0.782552 0.220215 0.021701 0.012695
2 0.733073 0.199463 0.080729 0.033691
2 0.411892 0.164551 0.033854 0.010742
2 0.604601 0.165039 0.044271 0.012695
2 0.470052 0.157227 0.032118 0.007812
2 0.514323 0.156250 0.033854 0.006836
